Temps d'execution de la recherche locale: 1.71s
Temps d'execution de l'elicitation incrementale: 39.73s
Nombre de questions: 9
Nombre de Pareto: 65
296 434 262 
233 449 288 
308 412 310 
292 451 264 
350 385 293 
334 424 247 
234 435 282 
309 398 304 
293 437 258 
321 425 240 
263 456 196 
352 396 284 
336 435 238 
236 446 273 
311 409 295 
295 448 249 
323 436 231 
200 471 222 
348 413 286 
232 463 275 
307 426 297 
335 414 279 
337 421 232 
349 399 280 
365 409 214 
377 387 262 
248 424 321 
251 381 328 
312 380 299 
285 335 340 
293 354 311 
353 382 278 
354 353 282 
327 308 323 
203 468 207 
292 368 317 
353 367 288 
326 322 329 
356 364 273 
329 319 314 
351 410 271 
381 370 260 
384 352 255 
357 307 296 
379 398 253 
325 336 316 
353 324 298 
312 337 309 
313 323 322 
380 384 247 
354 310 292 
382 341 264 
355 296 305 
269 291 347 
330 290 318 
295 243 351 
282 244 344 
385 338 249 
358 293 290 
359 264 294 
358 278 300 
323 231 333 
361 275 285 
383 366 242 
356 321 283 
