Temps d'execution de la recherche locale: 0.12s
Temps d'execution de l'elicitation incrementale: 7.95s
Nombre de questions: 27
Nombre de Pareto: 28
260 265 192 372 
306 290 214 327 
325 324 188 313 
200 237 225 379 
179 255 254 338 
248 273 238 366 
267 307 212 352 
240 254 225 372 
246 262 247 334 
305 313 221 313 
313 332 234 307 
356 323 183 259 
330 309 208 278 
259 288 199 358 
265 296 221 320 
192 218 212 385 
177 244 263 306 
180 226 258 379 
136 204 261 316 
244 314 250 279 
247 296 245 352 
272 292 232 317 
264 273 219 323 
245 285 254 320 
270 281 241 285 
269 310 237 244 
201 263 257 257 
204 245 252 330 
