Temps d'execution de la recherche locale: 0.49s
Temps d'execution de l'elicitation incrementale: 21.05s
Nombre de questions: 8
Nombre de Pareto: 64
199 266 221 338 275 
191 247 208 344 285 
242 257 170 290 349 
260 265 192 372 280 
216 243 195 309 282 
192 218 212 385 217 
222 246 203 290 294 
240 254 225 372 225 
200 237 225 379 207 
162 218 236 297 221 
180 226 258 379 152 
248 273 238 366 215 
247 296 245 352 213 
267 307 212 352 268 
243 228 174 331 281 
204 245 252 330 147 
136 204 261 316 154 
230 265 216 284 284 
249 299 190 270 337 
257 283 197 299 303 
241 280 177 276 347 
256 306 204 285 301 
259 288 199 358 278 
215 266 202 295 280 
229 288 223 270 282 
264 325 217 279 291 
223 285 215 289 270 
288 282 192 245 312 
291 264 187 318 289 
310 298 161 304 342 
266 276 164 241 344 
281 302 191 250 298 
287 305 199 231 310 
290 287 194 304 287 
307 316 166 231 365 
179 255 254 338 220 
198 289 228 324 273 
237 272 230 299 248 
245 291 243 293 238 
204 251 241 303 217 
244 314 250 279 236 
203 274 248 289 215 
306 290 214 327 243 
261 291 224 250 243 
264 273 219 323 220 
201 263 257 257 170 
265 296 221 320 223 
269 310 237 244 233 
246 262 247 334 170 
245 285 254 320 168 
270 281 241 285 165 
177 244 263 306 175 
295 324 212 225 300 
298 306 207 298 277 
325 324 188 313 296 
284 284 186 323 275 
305 313 221 313 241 
313 332 234 307 231 
272 292 232 317 210 
356 323 183 259 305 
312 301 186 196 307 
308 287 170 272 297 
330 309 208 278 238 
313 272 190 237 239 
