Temps d'execution de la recherche locale: 0.25s
Temps d'execution de l'elicitation incrementale: 7.81s
Nombre de questions: 27
Nombre de Pareto: 28
356 323 183 259 
180 226 258 379 
246 262 247 334 
248 273 238 366 
200 237 225 379 
240 254 225 372 
306 290 214 327 
260 265 192 372 
177 244 263 306 
245 285 254 320 
313 332 234 307 
265 296 221 320 
270 281 241 285 
179 255 254 338 
247 296 245 352 
267 307 212 352 
272 292 232 317 
192 218 212 385 
305 313 221 313 
259 288 199 358 
264 273 219 323 
325 324 188 313 
330 309 208 278 
136 204 261 316 
244 314 250 279 
201 263 257 257 
204 245 252 330 
269 310 237 244 
