Temps d'execution de la recherche locale: 0.22s
Temps d'execution de l'elicitation incrementale: 18.58s
Nombre de questions: 7
Nombre de Pareto: 64
230 265 216 284 284 
222 246 203 290 294 
288 282 192 245 312 
291 264 187 318 289 
242 257 170 290 349 
179 255 254 338 220 
245 291 243 293 238 
248 273 238 366 215 
199 266 221 338 275 
204 251 241 303 217 
162 218 236 297 221 
229 288 223 270 282 
295 324 212 225 300 
298 306 207 298 277 
249 299 190 270 337 
237 272 230 299 248 
240 254 225 372 225 
191 247 208 344 285 
287 305 199 231 310 
290 287 194 304 287 
241 280 177 276 347 
306 290 214 327 243 
257 283 197 299 303 
356 323 183 259 305 
307 316 166 231 365 
312 301 186 196 307 
260 265 192 372 280 
243 228 174 331 281 
310 298 161 304 342 
216 243 195 309 282 
266 276 164 241 344 
177 244 263 306 175 
180 226 258 379 152 
136 204 261 316 154 
244 314 250 279 236 
247 296 245 352 213 
198 289 228 324 273 
203 274 248 289 215 
246 262 247 334 170 
313 332 234 307 231 
264 325 217 279 291 
269 310 237 244 233 
200 237 225 379 207 
267 307 212 352 268 
272 292 232 317 210 
223 285 215 289 270 
305 313 221 313 241 
256 306 204 285 301 
261 291 224 250 243 
192 218 212 385 217 
259 288 199 358 278 
264 273 219 323 220 
215 266 202 295 280 
325 324 188 313 296 
330 309 208 278 238 
281 302 191 250 298 
308 287 170 272 297 
313 272 190 237 239 
284 284 186 323 275 
245 285 254 320 168 
201 263 257 257 170 
204 245 252 330 147 
265 296 221 320 223 
270 281 241 285 165 
