Temps d'execution de la recherche locale: 22.61s
Temps d'execution de l'elicitation incrementale: 18361.81s
Nombre de questions: 411
Nombre de Pareto: 412
366 457 234 420 392 
383 494 252 461 391 
368 468 225 452 437 
365 486 230 379 460 
414 493 247 407 400 
402 465 244 379 475 
410 441 208 413 400 
323 466 285 468 318 
349 418 289 461 319 
320 509 278 439 318 
317 458 263 506 373 
250 388 276 533 312 
314 476 268 433 396 
303 455 318 468 263 
363 483 285 461 336 
351 455 282 433 411 
301 398 238 479 376 
334 392 262 452 365 
299 450 241 424 442 
348 457 258 452 382 
336 429 255 424 457 
269 359 268 451 396 
368 389 281 379 403 
339 480 270 357 402 
333 447 260 351 480 
382 454 277 379 420 
325 477 276 500 363 
318 435 256 520 375 
342 454 250 471 370 
351 429 280 493 364 
322 520 269 471 363 
362 432 226 453 398 
322 495 281 427 386 
315 453 261 447 398 
319 538 274 398 386 
359 450 231 380 421 
371 502 298 455 326 
364 460 278 475 338 
388 479 272 426 333 
397 454 302 448 327 
368 545 291 426 326 
408 457 248 408 361 
359 474 295 427 401 
352 432 275 447 413 
376 451 269 398 408 
385 426 299 420 402 
356 517 288 398 401 
396 429 245 380 436 
367 450 259 461 326 
360 408 239 481 338 
384 427 233 432 333 
393 402 263 454 327 
404 405 209 414 361 
304 512 247 389 432 
350 537 269 344 395 
338 509 266 316 470 
381 403 218 371 482 
378 421 223 298 505 
427 428 240 326 445 
423 376 201 332 445 
258 407 289 527 302 
291 401 313 500 291 
262 492 302 478 290 
259 510 307 405 313 
337 426 335 455 254 
308 517 324 433 253 
325 398 332 427 329 
296 489 321 405 328 
284 359 293 520 303 
334 469 328 426 254 
256 459 292 472 368 
305 466 309 500 308 
238 396 322 527 247 
271 390 346 500 236 
242 481 335 478 235 
293 438 306 472 383 
226 368 319 499 322 
234 344 283 533 247 
249 417 272 492 380 
253 502 285 443 368 
298 424 289 520 320 
322 443 283 471 315 
331 418 313 493 309 
302 509 302 471 308 
286 396 286 492 395 
310 415 280 443 390 
319 390 310 465 384 
290 481 299 443 383 
330 393 256 425 418 
294 372 250 526 320 
264 348 326 520 248 
235 439 315 498 247 
252 320 323 492 323 
223 411 312 470 322 
260 296 287 526 248 
268 433 339 471 236 
302 484 314 427 331 
345 475 263 379 405 
295 442 294 447 343 
299 527 307 398 331 
290 456 311 399 406 
283 414 291 419 418 
307 433 285 370 413 
316 408 315 392 407 
287 499 304 370 406 
268 408 351 427 259 
239 499 340 405 258 
339 463 328 427 346 
305 387 365 427 274 
276 478 354 405 273 
347 439 292 461 271 
313 363 329 461 199 
332 421 308 447 358 
356 440 302 398 353 
365 415 332 420 347 
336 506 321 398 346 
390 430 241 413 345 
373 391 296 454 272 
300 427 234 438 444 
349 434 251 466 384 
337 406 248 438 459 
303 330 285 438 387 
345 382 212 472 384 
382 428 275 439 373 
370 400 272 411 448 
307 469 254 418 432 
275 430 284 390 452 
268 388 264 410 464 
292 407 258 361 459 
301 382 288 383 453 
272 473 277 361 452 
312 385 234 343 487 
356 476 271 446 372 
353 519 264 417 372 
393 431 221 399 407 
324 437 301 418 392 
317 395 281 438 404 
350 389 305 411 393 
321 480 294 389 392 
344 448 268 418 447 
361 425 242 389 454 
341 491 261 389 447 
367 418 277 338 471 
416 425 294 366 411 
353 440 320 344 338 
412 373 255 372 411 
387 516 283 344 410 
341 466 273 345 470 
334 424 253 365 482 
358 443 247 316 477 
321 455 306 345 415 
314 413 286 365 427 
338 432 280 316 422 
347 407 310 338 416 
318 498 299 316 415 
390 473 290 373 410 
392 362 288 372 356 
386 421 251 379 410 
379 379 231 399 422 
403 398 225 350 417 
257 436 285 486 370 
290 430 309 459 359 
261 521 298 437 358 
306 443 302 514 310 
330 462 296 465 305 
339 437 326 487 299 
310 528 315 465 298 
294 415 299 486 385 
318 434 293 437 380 
327 409 323 459 374 
298 500 312 437 373 
302 391 263 520 310 
335 385 287 493 299 
254 479 278 457 370 
307 546 320 392 321 
300 504 300 412 333 
295 518 317 364 396 
288 476 297 384 408 
312 495 291 335 403 
321 470 321 357 397 
332 473 267 317 431 
303 461 307 441 333 
336 455 331 414 322 
340 440 321 441 348 
364 459 315 392 343 
373 434 345 414 337 
344 525 334 392 336 
384 437 291 374 371 
398 449 254 407 335 
348 416 285 475 273 
381 410 309 448 262 
332 395 306 507 311 
356 414 300 458 306 
336 480 319 458 299 
376 392 276 440 334 
366 392 325 434 349 
390 411 319 385 344 
370 477 338 385 337 
410 389 295 367 372 
424 401 258 400 336 
374 368 289 468 274 
398 387 283 419 269 
418 365 259 401 297 
381 480 284 345 371 
435 404 204 360 370 
291 433 304 413 408 
315 452 298 364 403 
324 427 328 386 397 
335 430 274 346 431 
336 388 282 447 348 
369 382 306 420 337 
311 392 273 457 392 
320 367 303 479 386 
291 458 292 457 385 
331 370 249 439 420 
308 410 278 384 415 
317 385 308 406 409 
383 431 270 393 422 
337 483 314 412 348 
362 340 286 440 349 
315 477 286 408 380 
324 452 316 430 374 
361 502 308 363 343 
364 364 273 412 409 
361 382 278 339 432 
406 337 256 373 372 
328 343 267 513 311 
391 407 234 427 347 
415 426 228 378 342 
386 359 280 391 344 
389 379 182 405 407 
292 520 293 383 367 
280 492 290 355 442 
273 450 270 375 454 
297 469 264 326 449 
306 444 294 348 443 
326 517 312 310 405 
319 475 292 330 417 
343 494 286 281 412 
352 469 316 303 406 
363 472 262 263 440 
313 362 227 357 489 
337 381 221 308 484 
346 356 251 330 478 
395 363 268 358 418 
366 429 269 292 440 
392 381 273 285 441 
428 361 221 297 387 
437 336 251 319 381 
407 450 264 344 417 
272 367 339 514 238 
243 458 328 492 237 
260 339 336 486 313 
231 430 325 464 312 
268 315 300 520 238 
296 386 333 465 233 
276 452 352 465 226 
264 424 349 437 301 
267 477 322 443 232 
273 470 357 392 249 
261 442 354 364 324 
306 364 358 441 276 
330 383 352 392 271 
310 449 371 392 264 
301 474 341 370 270 
269 410 332 485 238 
237 425 318 486 315 
270 419 342 459 304 
241 510 331 437 303 
225 397 315 458 390 
249 416 309 409 385 
258 391 339 431 379 
229 482 328 409 378 
203 349 355 486 243 
207 434 368 437 231 
274 404 332 486 330 
298 423 326 437 325 
307 398 356 459 319 
278 489 345 437 318 
282 380 296 520 255 
315 374 320 493 244 
240 328 369 486 258 
264 347 363 437 253 
244 413 382 437 246 
248 304 333 520 183 
174 440 344 464 242 
211 419 358 464 257 
270 352 293 492 330 
236 276 330 492 258 
234 468 311 457 315 
242 374 289 429 397 
251 349 319 451 391 
222 440 308 429 390 
246 459 302 380 385 
255 434 332 402 379 
266 437 278 362 413 
303 486 295 485 310 
300 356 336 479 331 
271 447 325 457 330 
308 332 300 513 256 
324 375 330 430 326 
304 441 349 430 319 
344 353 306 412 354 
327 505 289 436 305 
295 466 319 408 325 
296 304 297 485 331 
344 386 297 430 381 
275 368 313 402 386 
295 346 289 384 414 
237 371 362 457 258 
271 422 337 413 353 
295 441 331 364 348 
304 416 361 386 342 
275 507 350 364 341 
297 374 341 406 354 
268 465 330 384 353 
292 484 324 335 348 
301 459 354 357 342 
341 404 302 357 404 
321 393 335 357 349 
237 346 374 413 281 
261 365 368 364 276 
241 431 387 364 269 
349 371 339 420 282 
342 329 319 440 294 
276 407 277 404 454 
293 384 251 375 461 
302 359 281 397 455 
325 414 294 432 394 
351 366 298 425 395 
358 408 318 405 383 
355 451 311 376 383 
309 401 301 377 443 
326 378 275 348 450 
300 426 271 355 449 
256 396 310 404 399 
289 390 334 377 388 
260 481 323 355 387 
282 348 314 397 400 
286 433 327 348 388 
326 345 284 330 423 
329 499 307 383 382 
222 320 347 404 327 
355 426 323 332 406 
348 384 303 352 418 
372 403 297 303 413 
400 381 301 366 346 
393 339 281 386 358 
417 358 275 337 353 
322 432 299 359 417 
346 451 293 310 412 
271 396 335 473 306 
242 487 324 451 305 
250 393 302 423 387 
259 368 332 445 381 
230 459 321 423 380 
266 506 318 402 300 
275 481 348 424 294 
254 478 315 374 375 
263 453 345 396 369 
308 375 349 473 321 
279 466 338 451 320 
316 351 313 507 246 
283 387 326 396 376 
332 394 343 424 316 
303 485 332 402 315 
312 460 362 424 309 
304 323 310 479 321 
340 370 307 458 241 
256 411 325 416 381 
276 484 343 378 343 
300 503 337 329 338 
309 478 367 351 332 
320 481 313 311 366 
302 436 347 371 344 
346 433 317 304 367 
305 393 354 400 344 
350 348 332 434 284 
329 412 348 351 339 
374 367 326 385 279 
349 390 324 333 367 
305 418 342 444 321 
345 330 299 426 356 
329 437 336 395 316 
326 455 341 322 339 
276 345 306 416 388 
296 323 282 398 416 
280 430 319 367 376 
261 458 316 369 389 
294 452 340 342 378 
327 322 277 344 425 
208 411 361 451 233 
245 390 375 451 248 
269 409 369 402 243 
242 408 380 378 271 
266 427 374 329 266 
239 357 365 445 326 
210 448 354 423 325 
263 376 359 396 321 
243 442 378 396 314 
234 467 348 374 320 
196 306 372 423 260 
176 372 391 423 253 
200 391 385 374 248 
284 312 343 479 266 
236 400 358 416 326 
260 419 352 367 321 
290 367 327 391 390 
264 353 352 410 323 
244 419 371 410 316 
268 438 365 361 311 
309 308 330 444 263 
