Temps d'execution de la recherche locale: 0.09s
Temps d'execution de l'elicitation incrementale: 7.29s
Nombre de questions: 27
Nombre de Pareto: 28
306 290 214 327 
356 323 183 259 
179 255 254 338 
240 254 225 372 
177 244 263 306 
244 314 250 279 
305 313 221 313 
248 273 238 366 
246 262 247 334 
313 332 234 307 
269 310 237 244 
325 324 188 313 
330 309 208 278 
180 226 258 379 
136 204 261 316 
247 296 245 352 
245 285 254 320 
201 263 257 257 
259 288 199 358 
264 273 219 323 
260 265 192 372 
200 237 225 379 
267 307 212 352 
272 292 232 317 
265 296 221 320 
270 281 241 285 
192 218 212 385 
204 245 252 330 
